RFID/NFC Tag Type: MIFARE Ultralight or Ultralight C
UID HEX: 04 7F B4 A2 CF 5B 81
UID DEC:  04 127 180 162 207 91 129
Card UID: 04 7F B4 A2 CF 5B 81
Card SAK: 00
PICC type: MIFARE Ultralight or Ultralight C
Page  0  1  2  3
  0   04 7F B4 47
  1   A2 CF 5B 81
  2   B7 48 00 00
  3   E1 10 12 00
  4   01 03 A0 0C
  5   34 03 00 FE
  6   00 00 00 00
  7   00 00 00 00
  8   00 00 00 00
  9   00 00 00 00
 10   00 00 00 00
 11   00 00 00 00
 12   00 00 00 00
 13   00 00 00 00
 14   00 00 00 00
 15   00 00 00 00
 
_______________________________________________________________

RFID/NFC Tag Type: MIFARE 1KB
UID HEX: 31 23 C4 26
UID DEC:  49 35 196 38
Card UID: 31 23 C4 26
Card SAK: 08
PICC type: MIFARE 1KB
Sector Block   0  1  2  3   4  5  6  7   8  9 10 11  12 13 14 15  AccessBits
  15     63   00 00 00 00  00 00 FF 07  80 69 FF FF  FF FF FF FF  [ 0 0 1 ] 
         62   00 00 00 00  00 00 00 00  00 00 00 00  00 00 00 00  [ 0 0 0 ] 
         61   00 00 00 00  00 00 00 00  00 00 00 00  00 00 00 00  [ 0 0 0 ] 
         60   00 00 00 00  00 00 00 00  00 00 00 00  00 00 00 00  [ 0 0 0 ] 
  14     59   00 00 00 00  00 00 FF 07  80 69 FF FF  FF FF FF FF  [ 0 0 1 ] 
         58   00 00 00 00  00 00 00 00  00 00 00 00  00 00 00 00  [ 0 0 0 ] 
         57   00 00 00 00  00 00 00 00  00 00 00 00  00 00 00 00  [ 0 0 0 ] 
         56   00 00 00 00  00 00 00 00  00 00 00 00  00 00 00 00  [ 0 0 0 ] 
  13     55   00 00 00 00  00 00 FF 07  80 69 FF FF  FF FF FF FF  [ 0 0 1 ] 
         54   00 00 00 00  00 00 00 00  00 00 00 00  00 00 00 00  [ 0 0 0 ] 
         53   00 00 00 00  00 00 00 00  00 00 00 00  00 00 00 00  [ 0 0 0 ] 
         52   00 00 00 00  00 00 00 00  00 00 00 00  00 00 00 00  [ 0 0 0 ] 
  12     51   00 00 00 00  00 00 FF 07  80 69 FF FF  FF FF FF FF  [ 0 0 1 ] 
         50   00 00 00 00  00 00 00 00  00 00 00 00  00 00 00 00  [ 0 0 0 ] 
         49   00 00 00 00  00 00 00 00  00 00 00 00  00 00 00 00  [ 0 0 0 ] 
         48   00 00 00 00  00 00 00 00  00 00 00 00  00 00 00 00  [ 0 0 0 ] 
  11     47   00 00 00 00  00 00 FF 07  80 69 FF FF  FF FF FF FF  [ 0 0 1 ] 
         46   00 00 00 00  00 00 00 00  00 00 00 00  00 00 00 00  [ 0 0 0 ] 
         45   00 00 00 00  00 00 00 00  00 00 00 00  00 00 00 00  [ 0 0 0 ] 
         44   00 00 00 00  00 00 00 00  00 00 00 00  00 00 00 00  [ 0 0 0 ] 
  10     43   00 00 00 00  00 00 FF 07  80 69 FF FF  FF FF FF FF  [ 0 0 1 ] 
         42   00 00 00 00  00 00 00 00  00 00 00 00  00 00 00 00  [ 0 0 0 ] 
         41   00 00 00 00  00 00 00 00  00 00 00 00  00 00 00 00  [ 0 0 0 ] 
         40   00 00 00 00  00 00 00 00  00 00 00 00  00 00 00 00  [ 0 0 0 ] 
   9     39   00 00 00 00  00 00 FF 07  80 69 FF FF  FF FF FF FF  [ 0 0 1 ] 
         38   00 00 00 00  00 00 00 00  00 00 00 00  00 00 00 00  [ 0 0 0 ] 
         37   00 00 00 00  00 00 00 00  00 00 00 00  00 00 00 00  [ 0 0 0 ] 
         36   00 00 00 00  00 00 00 00  00 00 00 00  00 00 00 00  [ 0 0 0 ] 
   8     35   00 00 00 00  00 00 FF 07  80 69 FF FF  FF FF FF FF  [ 0 0 1 ] 
         34   00 00 00 00  00 00 00 00  00 00 00 00  00 00 00 00  [ 0 0 0 ] 
         33   00 00 00 00  00 00 00 00  00 00 00 00  00 00 00 00  [ 0 0 0 ] 
         32   00 00 00 00  00 00 00 00  00 00 00 00  00 00 00 00  [ 0 0 0 ] 
   7     31   00 00 00 00  00 00 FF 07  80 69 FF FF  FF FF FF FF  [ 0 0 1 ] 
         30   00 00 00 00  00 00 00 00  00 00 00 00  00 00 00 00  [ 0 0 0 ] 
         29   00 00 00 00  00 00 00 00  00 00 00 00  00 00 00 00  [ 0 0 0 ] 
         28   00 00 00 00  00 00 00 00  00 00 00 00  00 00 00 00  [ 0 0 0 ] 
   6     27   00 00 00 00  00 00 FF 07  80 69 FF FF  FF FF FF FF  [ 0 0 1 ] 
         26   00 00 00 00  00 00 00 00  00 00 00 00  00 00 00 00  [ 0 0 0 ] 
         25   00 00 00 00  00 00 00 00  00 00 00 00  00 00 00 00  [ 0 0 0 ] 
         24   00 00 00 00  00 00 00 00  00 00 00 00  00 00 00 00  [ 0 0 0 ] 
   5     23   00 00 00 00  00 00 FF 07  80 69 FF FF  FF FF FF FF  [ 0 0 1 ] 
         22   00 00 00 00  00 00 00 00  00 00 00 00  00 00 00 00  [ 0 0 0 ] 
         21   00 00 00 00  00 00 00 00  00 00 00 00  00 00 00 00  [ 0 0 0 ] 
         20   00 00 00 00  00 00 00 00  00 00 00 00  00 00 00 00  [ 0 0 0 ] 
   4     19   00 00 00 00  00 00 FF 07  80 69 FF FF  FF FF FF FF  [ 0 0 1 ] 
         18   00 00 00 00  00 00 00 00  00 00 00 00  00 00 00 00  [ 0 0 0 ] 
         17   00 00 00 00  00 00 00 00  00 00 00 00  00 00 00 00  [ 0 0 0 ] 
         16   00 00 00 00  00 00 00 00  00 00 00 00  00 00 00 00  [ 0 0 0 ] 
   3     15   00 00 00 00  00 00 FF 07  80 69 FF FF  FF FF FF FF  [ 0 0 1 ] 
         14   00 00 00 00  00 00 00 00  00 00 00 00  00 00 00 00  [ 0 0 0 ] 
         13   00 00 00 00  00 00 00 00  00 00 00 00  00 00 00 00  [ 0 0 0 ] 
         12   00 00 00 00  00 00 00 00  00 00 00 00  00 00 00 00  [ 0 0 0 ] 
   2     11   00 00 00 00  00 00 FF 07  80 69 FF FF  FF FF FF FF  [ 0 0 1 ] 
         10   00 00 00 00  00 00 00 00  00 00 00 00  00 00 00 00  [ 0 0 0 ] 
          9   00 00 00 00  00 00 00 00  00 00 00 00  00 00 00 00  [ 0 0 0 ] 
          8   00 00 00 00  00 00 00 00  00 00 00 00  00 00 00 00  [ 0 0 0 ] 
   1      7   00 00 00 00  00 00 FF 07  80 69 FF FF  FF FF FF FF  [ 0 0 1 ] 
          6   00 00 00 00  00 00 00 00  00 00 00 00  00 00 00 00  [ 0 0 0 ] 
          5   00 00 00 00  00 00 00 00  00 00 00 00  00 00 00 00  [ 0 0 0 ] 
          4   00 00 00 00  00 00 00 00  00 00 00 00  00 00 00 00  [ 0 0 0 ] 
   0      3   00 00 00 00  00 00 FF 07  80 69 FF FF  FF FF FF FF  [ 0 0 1 ] 
          2   00 00 00 00  00 00 00 00  00 00 00 00  00 00 00 00  [ 0 0 0 ] 
          1   00 00 00 00  00 00 00 00  00 00 00 00  00 00 00 00  [ 0 0 0 ] 
          0   31 23 C4 26  F0 08 04 00  62 63 64 65  66 67 68 69  [ 0 0 0 ] 
___________________________________________________________________________

Card UID: 04 77 B4 A2 CF 5B 81
Card UID: 04 77 B4 A2 CF 5B 81
Card SAK: 00
PICC type: MIFARE Ultralight or Ultralight C
Page  0  1  2  3
  0   04 77 B4 4F
  1   A2 CF 5B 81
  2   B7 48 00 00
  3   E1 10 12 00
  4   01 03 A0 0C
  5   34 03 1A D1
  6   01 16 55 04
  7   6D 2E 69 6D
  8   67 75 72 2E
  9   63 6F 6D 2F
 10   61 2F 6E 55
 11   6A 49 37 47
 12   43 FE 00 00
 13   00 00 00 00
 14   00 00 00 00
 15   00 00 00 00